Старт 0 0 0 0 0 0 0 0
Chanel 600 1 20 100 300 900 1600 2500
Шанс 0 2 0 0 0 0 0 0
HugoBoss 600 3 40 200 600 1800 3200 4500
Налог 2000 4 0 0 0 0 0 0
Mercedes 2000 5 250 250 500 1000 2000
Adidas 1000 6 60 300 900 2700 4000 5500
Шанс 0 7 0 0 0 0 0 0
Puma 1000 8 60 300 900 2700 4000 5500
Lacoste 1200 9 80 400 1000 3000 4500 6000
Тюрьма 0 10 0 0 0 0 0 0
Вконтакте 1400 11 100 500 1500 4500 6250 7500
Rovio 1500 12 100 250 0 0 0 0
Facebook 1400 13 100 500 1500 4500 6250 7500
Twitter 1600 14 120 600 1800 5000 7000 9000
Audi 2000 15 250 250 500 1000 2000
Coca-Cola 1800 16 140 700 2000 5500 7500 9500
Шанс 0 17 0 0 0 0 0 0
Fanta 1800 18 140 700 2000 5500 7500 9500
Pepsi 2000 19 160 800 2200 6000 8100 10000
Джекпот 0 20 0 0 0 0 0 0
BritishAirways 2200 21 180 900 2500 7000 8750 10500
Шанс 0 22 0 0 0 0 0 0
AmericanAirlines 2200 23 180 900 2500 7000 8750 10500
Lufthansa 2400 24 200 1000 3000 7500 9250 11000
Ford 2000 25 250 250 500 1000 2000
McDonalds 2600 26 220 1100 3300 8000 9750 11500
KFC 2600 27 220 1100 3300 8000 9750 11500
RockstarGames 1500 28 100 250
BurgerKing 2800 29 240 1200 3600 8500 10250 12000
Тюрьма 0 30 0 0 0 0 0 0
Novotel 3000 31 260 1300 3900 9000 11000 12750
Radisson 3000 32 260 1300 3900 9000 11000 12750
Шанс 0 33 0 0 0 0 0 0
HolidayInn 3200 34 280 1500 4500 10000 12000 14000
Land-Rover 2000 35 250 250 500 1000 2000
Штраф 1000 36 0 0 0 0 0 0
Apple 3500 37 350 1700 5000 11000 13100 15250
Шанс 0 38 0 0 0 0 0 0
Nokia 4000 39 500 2000 6000 14000 16500 18600